22.820000000000032
18.159999999999997
18.22
17.220000000000002
0.6
23.88000000000003
19.219999999999995
18.32
16.360000000000003
0.59
23.04000000000003
18.379999999999995
19.36
16.460000000000004
0.6
24.06000000000003
19.399999999999995
19.46
17.480000000000004
0.64
23.26000000000003
18.599999999999994
20.46
16.680000000000003
0.59
23.36000000000003
19.579999999999995
20.560000000000002
16.780000000000005
0.61
22.60000000000003
19.679999999999996
20.660000000000004
16.880000000000006
0.59
23.54000000000003
19.779999999999998
19.920000000000005
17.820000000000007
0.62
22.820000000000032
19.06
20.840000000000007
17.10000000000001
0.62
22.920000000000034
18.36
21.740000000000006
17.20000000000001
0.6
22.240000000000034
18.46
22.620000000000005
16.52000000000001
0.64
22.340000000000035
19.32
21.960000000000004
17.38000000000001
0.6
23.180000000000035
20.16
21.320000000000004
17.48000000000001
0.6
24.000000000000036
19.54
21.420000000000005
17.580000000000013
0.62
24.100000000000037
19.64
22.220000000000006
17.680000000000014
0.61
23.52000000000004
20.42
22.320000000000007
18.460000000000015
0.62
23.62000000000004
21.180000000000003
23.08000000000001
18.560000000000016
0.62
24.36000000000004
20.640000000000004
23.820000000000007
18.020000000000017
0.63
24.46000000000004
20.740000000000006
23.92000000000001
18.740000000000016
0.62
24.56000000000004
20.240000000000006
24.620000000000008
18.240000000000016
0.6
24.08000000000004
20.340000000000007
25.300000000000008
17.760000000000016
0.61
24.74000000000004
19.880000000000006
25.960000000000008
18.420000000000016
0.61
25.38000000000004
19.980000000000008
26.60000000000001
18.520000000000017
0.62
26.000000000000043
19.560000000000006
26.180000000000007
19.14000000000002
0.61
25.600000000000044
19.660000000000007
26.78000000000001
18.74000000000002
0.63
25.220000000000045
19.28000000000001
26.88000000000001
19.320000000000018
0.6
25.780000000000044
19.38000000000001
26.98000000000001
18.96000000000002
0.62
25.440000000000044
19.92000000000001
27.080000000000013
19.06000000000002
0.61
25.120000000000044
19.60000000000001
27.180000000000014
19.58000000000002
0.7
25.220000000000045
20.10000000000001
26.880000000000013
19.28000000000002
0.62
25.320000000000046
20.20000000000001
27.360000000000014
19.000000000000018
0.61
25.420000000000048
20.66000000000001
27.820000000000014
18.740000000000016
0.64
25.86000000000005
20.420000000000012
27.580000000000016
18.500000000000018
0.6
25.64000000000005
20.520000000000014
27.360000000000017
18.60000000000002
0.59
26.04000000000005
20.920000000000012
27.160000000000018
19.000000000000018
0.62
25.86000000000005
21.020000000000014
27.540000000000017
19.10000000000002
0.62
25.70000000000005
21.120000000000015
27.900000000000016
19.20000000000002
0.58
25.56000000000005
20.980000000000015
27.760000000000016
19.06000000000002
0.59
25.440000000000047
21.300000000000015
28.080000000000016
18.94000000000002
0.6
25.340000000000046
21.600000000000016
28.180000000000017
19.04000000000002
0.6
25.440000000000047
21.520000000000017
28.10000000000002
19.32000000000002
0.6
25.70000000000005
21.62000000000002
28.20000000000002
19.260000000000023
0.59
25.80000000000005
21.860000000000017
28.44000000000002
19.50000000000002
0.62
25.78000000000005
21.96000000000002
28.42000000000002
19.72000000000002
0.62
25.98000000000005
22.160000000000018
28.62000000000002
19.82000000000002
0.65
26.08000000000005
22.180000000000017
28.64000000000002
20.00000000000002
0.65
26.180000000000053
22.220000000000017
28.80000000000002
20.04000000000002
0.63
26.320000000000054
22.280000000000015
28.860000000000017
20.18000000000002
0.63
26.420000000000055
22.380000000000017
28.980000000000018
20.26000000000002
0.59
26.520000000000056
22.480000000000018
29.08000000000002
20.36000000000002
0.59
26.620000000000058
23.560000000000016
28.20000000000002
21.44000000000002
0.6
27.680000000000057
23.660000000000018
29.26000000000002
22.500000000000018
0.58
28.720000000000056
24.700000000000017
28.42000000000002
23.540000000000017
0.61
28.820000000000057
23.880000000000017
27.60000000000002
24.560000000000016
0.61
28.020000000000056
23.080000000000016
28.60000000000002
24.660000000000018
0.59
29.000000000000057
23.180000000000017
29.58000000000002
23.880000000000017
0.62
29.10000000000006
22.420000000000016
30.54000000000002
24.840000000000018
0.61
30.04000000000006
21.680000000000017
30.640000000000022
24.94000000000002
0.63
30.96000000000006
21.78000000000002
29.920000000000023
25.04000000000002
0.61
31.060000000000063
21.08000000000002
29.220000000000024
24.34000000000002
0.58
30.380000000000063
21.18000000000002
30.100000000000023
23.66000000000002
0.6
29.720000000000063
20.52000000000002
30.200000000000024
24.52000000000002
0.59
29.820000000000064
21.36000000000002
29.560000000000024
24.620000000000022
0.59
29.920000000000066
20.74000000000002
30.380000000000024
24.00000000000002
0.57
29.320000000000064
21.54000000000002
30.480000000000025
23.40000000000002
0.63
30.100000000000065
21.640000000000022
30.580000000000027
24.18000000000002
0.64
30.200000000000067
21.740000000000023
31.34000000000003
23.620000000000022
0.6
29.660000000000068
21.840000000000025
31.44000000000003
23.080000000000023
0.58
29.140000000000068
21.320000000000025
30.92000000000003
22.560000000000024
0.58
29.840000000000067
21.420000000000027
31.62000000000003
22.660000000000025
0.62
29.94000000000007
22.100000000000026
31.14000000000003
22.760000000000026
0.63
29.480000000000068
21.640000000000025
31.80000000000003
23.420000000000027
0.63
30.12000000000007
21.740000000000027
31.90000000000003
22.980000000000025
0.61
29.700000000000067
21.84000000000003
31.48000000000003
23.600000000000026
0.62
30.300000000000068
22.44000000000003
31.08000000000003
23.200000000000028
0.6
30.880000000000067
22.54000000000003
31.66000000000003
23.780000000000026
0.64
30.980000000000068
22.640000000000033
32.22000000000003
24.340000000000025
0.61
31.08000000000007
22.740000000000034
31.880000000000027
24.000000000000025
0.65
31.18000000000007
22.420000000000034
32.40000000000003
24.520000000000024
0.63
31.68000000000007
22.520000000000035
32.10000000000003
25.020000000000024
0.62
31.780000000000072
22.240000000000034
32.20000000000003
24.740000000000023
0.59
31.880000000000074
22.700000000000035
31.94000000000003
25.200000000000024
0.62
32.32000000000007
23.140000000000036
32.04000000000003
25.300000000000026
0.6
32.42000000000007
23.560000000000038
31.82000000000003
25.400000000000027
0.63
32.22000000000007
23.66000000000004
31.92000000000003
25.50000000000003
0.61
32.04000000000007
24.04000000000004
32.30000000000003
25.880000000000027
0.61
32.40000000000007
24.400000000000038
32.400000000000034
25.720000000000027
0.61
32.26000000000007
24.740000000000038
32.26000000000003
25.580000000000027
0.64
32.36000000000007
25.060000000000038
32.140000000000036
25.680000000000028
0.62
32.46000000000007
25.36000000000004
32.44000000000003
25.98000000000003
0.6
32.380000000000074
25.64000000000004
32.360000000000035
26.26000000000003
0.61
32.64000000000007
25.74000000000004
32.460000000000036
26.36000000000003
0.63
32.60000000000007
25.700000000000042
32.56000000000004
26.460000000000033
0.59
32.58000000000007
25.92000000000004
32.540000000000035
26.68000000000003
0.61
32.58000000000007
25.92000000000004
32.540000000000035
26.780000000000033
0.61
32.76000000000007
26.020000000000042
32.720000000000034
26.960000000000033
0.59
32.920000000000066
26.06000000000004
32.88000000000003
27.000000000000032
0.61
33.02000000000007
26.12000000000004
33.02000000000003
27.06000000000003
0.62
33.100000000000065
26.22000000000004
33.14000000000003
27.160000000000032
0.61
33.20000000000007
26.320000000000043
33.24000000000003
27.260000000000034
0.61
32.320000000000064
27.40000000000004
32.36000000000003
28.340000000000032
0.58
31.460000000000065
26.540000000000042
31.50000000000003
27.480000000000032
0.57
31.560000000000066
25.700000000000042
31.60000000000003
27.580000000000034
0.57
32.58000000000007
25.800000000000043
30.78000000000003
26.760000000000034
0.57
32.68000000000007
26.800000000000043
31.78000000000003
27.760000000000034
0.6
31.90000000000007
26.020000000000042
32.760000000000026
26.980000000000032
0.57
32.00000000000007
26.120000000000044
33.72000000000003
27.940000000000033
0.6
32.10000000000007
25.380000000000045
32.980000000000025
27.200000000000035
0.6
31.380000000000074
26.300000000000047
32.260000000000026
27.300000000000036
0.57
32.28000000000007
25.600000000000048
33.160000000000025
26.600000000000037
0.63
31.600000000000072
24.920000000000048
32.480000000000025
25.920000000000037
0.58
30.940000000000072
25.02000000000005
31.820000000000025
26.780000000000037
0.67
31.040000000000074
25.12000000000005
31.180000000000025
26.140000000000036
0.57
31.140000000000075
24.50000000000005
32.00000000000002
26.960000000000036
0.61
31.240000000000077
24.60000000000005
32.10000000000002
26.360000000000035
0.63
30.66000000000008
25.380000000000052
32.200000000000024
26.460000000000036
0.62
30.10000000000008
25.480000000000054
31.640000000000025
26.560000000000038
0.61
30.840000000000078
26.220000000000052
32.380000000000024
26.66000000000004
0.64
30.94000000000008
26.320000000000054
31.860000000000024
26.14000000000004
0.58
30.44000000000008
26.420000000000055
32.560000000000024
26.24000000000004
0.57
31.12000000000008
26.520000000000056
33.24000000000002
26.92000000000004
0.6
31.78000000000008
26.060000000000056
32.78000000000002
27.020000000000042
0.62
31.88000000000008
26.160000000000057
32.340000000000025
26.58000000000004
0.59
32.50000000000008
26.780000000000058
32.440000000000026
26.680000000000042
0.65
32.10000000000008
27.38000000000006
32.54000000000003
27.280000000000044
0.59
32.68000000000008
27.48000000000006
32.160000000000025
27.380000000000045
0.6
33.24000000000008
27.12000000000006
32.260000000000026
27.020000000000046
0.59
33.34000000000008
26.78000000000006
32.800000000000026
27.120000000000047
0.56
33.860000000000085
27.30000000000006
33.32000000000003
27.22000000000005
0.59
33.960000000000086
27.80000000000006
33.42000000000003
26.920000000000048
0.62
34.06000000000009
28.28000000000006
33.52000000000003
26.640000000000047
0.6
34.16000000000009
28.02000000000006
33.98000000000003
26.740000000000048
0.62
34.60000000000009
28.12000000000006
34.42000000000003
26.50000000000005
0.61
34.38000000000009
27.900000000000063
34.20000000000003
26.28000000000005
0.6
34.180000000000085
27.700000000000063
34.00000000000003
26.68000000000005
0.59
34.000000000000085
28.080000000000062
34.10000000000003
26.50000000000005
0.62
33.84000000000009
28.44000000000006
33.94000000000003
26.86000000000005
0.62
34.18000000000009
28.78000000000006
33.80000000000003
27.20000000000005
0.6
34.060000000000095
28.66000000000006
34.12000000000003
27.52000000000005
0.59
34.160000000000096
28.56000000000006
34.42000000000003
27.62000000000005
0.6
34.2600000000001
28.48000000000006
34.34000000000003
27.720000000000052
0.63
34.3600000000001
28.420000000000062
34.44000000000003
27.980000000000054
0.57
34.3200000000001
28.380000000000063
34.400000000000034
28.220000000000052
0.58
34.3000000000001
28.480000000000064
34.38000000000003
28.200000000000053
0.58
34.5000000000001
28.580000000000066
34.38000000000003
28.200000000000053
0.62
34.6800000000001
28.760000000000066
34.400000000000034
28.220000000000052
0.61
34.7200000000001
28.920000000000066
34.56000000000003
28.320000000000054
0.6
34.7800000000001
29.020000000000067
34.62000000000003
28.380000000000052
0.58
34.8800000000001
29.100000000000065
34.70000000000003
28.480000000000054
0.59
34.9800000000001
29.200000000000067
34.80000000000003
28.580000000000055
0.57
36.0600000000001
29.300000000000068
35.88000000000003
27.700000000000056
0.59
36.1600000000001
30.360000000000067
36.94000000000003
26.840000000000057
0.62
37.2000000000001
31.400000000000066
37.98000000000003
26.000000000000057
0.61
38.220000000000105
30.580000000000066
38.080000000000034
27.020000000000056
0.59
37.42000000000011
31.580000000000066
39.080000000000034
27.120000000000058
0.62
36.64000000000011
30.800000000000065
40.06000000000003
26.340000000000057
0.6
35.88000000000011
30.040000000000063
40.16000000000003
26.440000000000058
0.59
35.98000000000011
30.140000000000065
41.10000000000003
27.38000000000006
0.62
36.08000000000011
29.420000000000066
42.02000000000003
26.66000000000006
0.62
36.18000000000011
30.320000000000064
42.92000000000003
27.56000000000006
0.59
36.280000000000115
30.420000000000066
42.24000000000003
28.440000000000058
0.64
36.380000000000116
31.280000000000065
43.10000000000003
28.54000000000006
0.58
37.22000000000012
30.640000000000065
42.46000000000003
29.38000000000006
0.6
36.60000000000012
30.740000000000066
41.84000000000003
29.48000000000006
0.61
36.00000000000012
30.140000000000065
42.64000000000003
28.88000000000006
0.62
36.10000000000012
29.560000000000066
42.06000000000003
28.30000000000006
0.6
36.86000000000012
29.660000000000068
42.82000000000003
27.740000000000062
0.64
36.96000000000012
29.12000000000007
43.56000000000003
27.840000000000064
0.6
36.44000000000012
29.840000000000067
44.28000000000003
27.320000000000064
0.6
36.54000000000012
30.540000000000067
44.38000000000003
28.020000000000064
0.61
36.06000000000012
31.220000000000066
44.48000000000003
27.540000000000063
0.59
35.60000000000012
31.880000000000067
44.580000000000034
27.640000000000065
0.62
35.160000000000124
32.52000000000007
45.220000000000034
28.280000000000065
0.58
35.260000000000126
32.100000000000065
44.80000000000003
27.860000000000063
0.66
35.86000000000013
31.700000000000067
45.400000000000034
27.460000000000065
0.58
35.480000000000125
31.800000000000068
45.02000000000003
27.560000000000066
0.63
35.120000000000125
32.36000000000007
45.12000000000003
27.660000000000068
0.65
35.22000000000013
32.02000000000007
44.78000000000003
27.76000000000007
0.61
34.90000000000013
31.700000000000067
44.88000000000003
27.86000000000007
0.6
34.60000000000013
32.20000000000007
44.580000000000034
27.960000000000072
0.58
34.32000000000013
31.920000000000066
44.680000000000035
28.060000000000073
0.59
34.78000000000013
31.660000000000064
44.78000000000004
28.520000000000074
0.56
35.22000000000013
31.760000000000066
45.220000000000034
28.280000000000076
0.56
35.64000000000013
31.860000000000067
45.640000000000036
28.700000000000074
0.65
36.04000000000013
32.26000000000007
45.74000000000004
29.100000000000072
0.61
35.86000000000013
32.36000000000007
45.56000000000004
28.920000000000073
0.59
35.70000000000013
32.200000000000074
45.40000000000004
29.020000000000074
0.62
35.80000000000013
32.54000000000008
45.740000000000045
29.120000000000076
0.61
35.900000000000134
32.42000000000008
46.060000000000045
29.440000000000076
0.61
36.20000000000013
32.32000000000008
45.96000000000004
29.340000000000074
0.62
36.30000000000013
32.42000000000008
46.240000000000045
29.620000000000076
0.58
36.400000000000134
32.52000000000008
46.18000000000004
29.880000000000077
0.66
36.500000000000135
32.76000000000008
46.420000000000044
29.840000000000078
0.63
36.720000000000134
32.98000000000008
46.40000000000004
30.060000000000077
0.6
36.720000000000134
33.180000000000085
46.600000000000044
30.260000000000076
0.64
36.900000000000134
33.280000000000086
46.62000000000005
30.440000000000076
0.63
37.000000000000135
33.320000000000086
46.72000000000005
30.480000000000075
0.61
37.06000000000014
33.460000000000086
46.78000000000005
30.620000000000076
0.59
37.16000000000014
33.580000000000084
46.90000000000005
30.720000000000077
0.6
37.26000000000014
33.680000000000085
47.00000000000005
30.82000000000008
0.58
38.34000000000014
33.780000000000086
47.10000000000005
30.92000000000008
0.6
39.40000000000014
33.88000000000009
46.24000000000005
30.06000000000008
0.59
39.50000000000014
33.98000000000009
47.28000000000005
30.160000000000082
0.65
38.68000000000014
35.00000000000009
48.300000000000054
29.34000000000008
0.61
37.880000000000145
34.200000000000095
47.50000000000006
29.440000000000083
0.61
38.86000000000014
33.420000000000094
48.480000000000054
29.540000000000084
0.6
38.10000000000014
33.520000000000095
48.580000000000055
29.640000000000086
0.59
39.04000000000014
33.6200000000001
48.68000000000006
30.580000000000087
0.56
39.96000000000014
33.7200000000001
48.78000000000006
31.50000000000009
0.61
40.060000000000144
34.6200000000001
49.68000000000006
30.80000000000009
0.59
39.380000000000145
33.9400000000001
49.78000000000006
30.90000000000009
0.63
40.240000000000144
34.8000000000001
50.64000000000006
31.76000000000009
0.61
40.340000000000146
34.160000000000096
51.48000000000006
32.600000000000094
0.62
41.160000000000146
34.2600000000001
50.86000000000006
33.420000000000094
0.65
40.560000000000144
35.060000000000095
50.960000000000065
32.82000000000009
0.61
40.660000000000146
34.480000000000096
50.38000000000007
33.600000000000094
0.6
40.10000000000014
35.240000000000094
51.140000000000065
33.700000000000095
0.57
39.560000000000144
34.700000000000095
51.88000000000007
33.8000000000001
0.61
40.28000000000014
34.18000000000009
51.98000000000007
33.28000000000009
0.61
39.78000000000014
33.68000000000009
52.08000000000007
33.980000000000096
0.66
40.46000000000014
33.200000000000095
51.60000000000007
33.5000000000001
0.61
40.560000000000144
32.740000000000094
52.26000000000007
33.0400000000001
0.62
40.660000000000146
32.840000000000096
51.82000000000007
32.6000000000001
0.63
41.28000000000014
33.46000000000009
52.44000000000007
32.1800000000001
0.6
40.880000000000145
34.060000000000095
53.04000000000007
31.7800000000001
0.61
41.46000000000014
34.64000000000009
53.62000000000007
31.880000000000102
0.6
41.560000000000144
34.740000000000094
53.26000000000007
31.980000000000103
0.59
42.10000000000014
34.840000000000096
52.920000000000066
31.640000000000104
0.59
42.200000000000145
34.520000000000095
53.02000000000007
31.740000000000105
0.62
41.90000000000015
34.2200000000001
52.72000000000007
31.840000000000106
0.6
41.62000000000015
34.3200000000001
53.20000000000007
31.940000000000108
0.59
41.72000000000015
34.0600000000001
53.66000000000007
31.680000000000106
0.61
41.82000000000015
34.5000000000001
54.100000000000065
31.440000000000108
0.64
41.92000000000015
34.6000000000001
53.88000000000007
31.22000000000011
0.59
42.02000000000015
34.4000000000001
54.280000000000065
31.02000000000011
0.61
41.84000000000015
34.5000000000001
54.38000000000007
31.12000000000011
0.64
41.680000000000156
34.8600000000001
54.740000000000066
31.220000000000113
0.62
41.540000000000155
34.7200000000001
54.84000000000007
31.320000000000114
0.62
41.42000000000016
35.0400000000001
54.94000000000007
31.420000000000115
0.65
41.720000000000155
34.9400000000001
55.04000000000007
31.520000000000117
0.57
41.64000000000016
35.2200000000001
55.32000000000007
31.800000000000118
0.61
41.74000000000016
35.160000000000096
55.42000000000007
32.060000000000116
0.62
41.98000000000016
35.4000000000001
55.660000000000075
32.30000000000012
0.61
41.96000000000016
35.5000000000001
55.880000000000074
32.280000000000115
0.63
42.06000000000016
35.7000000000001
56.08000000000008
32.380000000000116
0.62
42.08000000000016
35.800000000000104
56.260000000000076
32.560000000000116
0.59
42.12000000000016
35.900000000000105
56.42000000000007
32.72000000000011
0.61
42.18000000000016
35.96000000000011
56.480000000000075
32.820000000000114
0.6
42.30000000000016
36.06000000000011
56.60000000000007
32.94000000000011
0.59
42.40000000000016
36.16000000000011
56.700000000000074
33.04000000000011
0.63
43.48000000000016
36.26000000000011
56.800000000000075
33.140000000000114
0.6
43.58000000000016
37.320000000000114
56.90000000000008
32.280000000000115
0.61
43.68000000000016
37.420000000000115
57.00000000000008
32.380000000000116
0.6
44.700000000000166
38.44000000000012
58.02000000000008
31.560000000000116
0.62
43.90000000000017
38.54000000000012
57.220000000000084
30.760000000000115
0.62
44.00000000000017
37.76000000000012
57.320000000000086
30.860000000000117
0.6
44.10000000000017
37.86000000000012
58.280000000000086
30.960000000000118
0.62
43.36000000000017
37.12000000000012
59.220000000000084
30.22000000000012
0.58
42.64000000000017
38.04000000000012
59.320000000000086
30.32000000000012
0.58
42.74000000000017
38.14000000000012
58.62000000000008
31.22000000000012
0.65
42.840000000000174
37.46000000000012
59.500000000000085
30.54000000000012
0.6
42.18000000000018
37.56000000000012
58.84000000000009
31.40000000000012
0.59
42.28000000000018
37.660000000000124
58.20000000000009
31.50000000000012
0.56
41.66000000000018
38.480000000000125
57.58000000000009
32.32000000000012
0.61
41.06000000000018
37.88000000000012
57.68000000000009
33.12000000000012
0.58
41.16000000000018
37.980000000000125
57.100000000000094
33.90000000000012
0.62
40.60000000000018
37.42000000000012
57.86000000000009
34.66000000000012
0.63
41.34000000000018
37.520000000000124
57.32000000000009
34.12000000000012
0.58
42.06000000000018
37.620000000000125
58.04000000000009
34.84000000000012
0.61
42.76000000000018
37.72000000000013
58.14000000000009
35.54000000000012
0.65
42.280000000000186
37.82000000000013
58.240000000000094
35.64000000000012
0.6
42.94000000000018
37.36000000000013
58.340000000000096
36.30000000000012
0.64
42.500000000000185
36.92000000000013
57.9000000000001
36.94000000000012
0.59
43.12000000000018
37.02000000000013
57.480000000000096
37.04000000000012
0.59
42.720000000000184
36.62000000000013
57.5800000000001
37.14000000000012
0.61
42.34000000000018
37.20000000000013
57.200000000000095
37.24000000000012
0.59
41.98000000000018
37.30000000000013
57.7600000000001
36.88000000000012
0.58
42.52000000000018
36.96000000000013
58.3000000000001
36.980000000000125
0.59
42.20000000000018
37.48000000000013
58.4000000000001
37.080000000000126
0.57
42.30000000000018
37.180000000000135
58.5000000000001
36.78000000000013
0.61
42.78000000000018
37.66000000000013
58.980000000000096
36.50000000000013
0.6
42.52000000000018
38.12000000000013
59.4400000000001
36.96000000000013
0.6
42.96000000000018
37.88000000000013
59.880000000000095
37.06000000000013
0.64
43.06000000000018
37.66000000000013
59.660000000000096
36.84000000000013
0.6
42.86000000000018
38.06000000000013
60.060000000000095
36.94000000000013
0.59
43.24000000000018
37.88000000000013
59.880000000000095
37.040000000000134
0.61
43.34000000000018
38.24000000000013
59.980000000000096
37.140000000000136
0.6
43.680000000000184
38.10000000000013
60.3200000000001
37.000000000000135
0.58
44.000000000000185
38.42000000000013
60.4200000000001
36.88000000000014
0.63
44.30000000000018
38.72000000000013
60.3200000000001
36.98000000000014
0.59
44.58000000000018
38.64000000000013
60.6000000000001
37.26000000000014
0.59
44.84000000000018
38.74000000000013
60.7000000000001
37.52000000000014
0.62
44.80000000000018
38.70000000000013
60.6600000000001
37.48000000000014
0.59
44.78000000000018
38.92000000000013
60.6400000000001
37.460000000000136
0.6
44.98000000000018
38.92000000000013
60.7400000000001
37.56000000000014
0.59
45.16000000000018
39.10000000000013
60.8400000000001
37.58000000000014
0.58
45.32000000000018
39.260000000000126
61.0000000000001
37.74000000000014
0.59
45.42000000000018
39.32000000000013
61.0600000000001
37.84000000000014
0.61
45.52000000000018
39.42000000000013
61.1400000000001
37.94000000000014
0.6
45.62000000000018
39.52000000000013
61.2400000000001
38.04000000000014
0.59
44.74000000000018
38.64000000000013
61.3400000000001
38.14000000000014
0.6
45.80000000000018
38.74000000000013
62.400000000000105
39.200000000000145
0.58
45.90000000000018
39.78000000000013
63.440000000000104
38.36000000000014
0.62
46.000000000000185
40.80000000000013
64.46000000000011
37.54000000000014
0.6
46.100000000000186
41.80000000000013
64.5600000000001
37.64000000000014
0.61
45.320000000000185
41.900000000000134
64.6600000000001
36.86000000000014
0.59
46.280000000000186
41.140000000000136
63.9000000000001
36.96000000000014
0.62
45.540000000000184
42.08000000000013
63.160000000000096
36.22000000000014
0.59
46.460000000000186
41.360000000000134
64.0800000000001
37.14000000000014
0.6
45.76000000000018
42.26000000000013
64.9800000000001
36.44000000000014
0.65
46.640000000000185
42.360000000000134
65.0800000000001
36.54000000000014
0.59
46.74000000000019
42.460000000000136
65.18000000000009
36.64000000000014
0.61
47.58000000000019
42.56000000000014
66.0200000000001
36.740000000000144
0.61
48.40000000000019
42.66000000000014
65.40000000000009
36.840000000000146
0.61
47.80000000000019
42.06000000000014
66.20000000000009
36.94000000000015
0.6
47.90000000000019
41.48000000000014
66.30000000000008
37.72000000000015
0.61
48.00000000000019
40.92000000000014
67.06000000000009
37.160000000000146
0.59
48.740000000000194
41.02000000000014
66.52000000000008
37.26000000000015
0.64
48.22000000000019
41.12000000000014
67.24000000000008
36.740000000000144
0.59
47.72000000000019
40.62000000000014
67.34000000000007
37.44000000000015
0.6
48.40000000000019
41.30000000000014
67.44000000000007
37.54000000000015
0.62
48.50000000000019
41.40000000000014
68.10000000000007
37.08000000000015
0.58
49.14000000000019
42.04000000000014
67.66000000000007
36.64000000000015
0.62
49.76000000000019
42.66000000000014
67.76000000000006
36.22000000000015
0.62
49.86000000000019
42.26000000000014
67.36000000000006
35.82000000000015
0.61
50.44000000000019
42.36000000000014
67.94000000000005
35.92000000000015
0.6
51.00000000000019
42.46000000000014
68.04000000000005
36.48000000000015
0.6
51.54000000000019
43.00000000000014
67.70000000000005
36.14000000000015
0.62
52.060000000000194
43.520000000000145
67.80000000000004
35.82000000000015
0.64
52.160000000000196
43.62000000000015
67.90000000000003
36.32000000000015
0.58
52.64000000000019
43.340000000000146
67.62000000000003
36.04000000000015
0.63
52.740000000000194
43.800000000000146
67.72000000000003
36.50000000000015
0.6
52.50000000000019
43.90000000000015
67.82000000000002
36.60000000000015
0.62
52.28000000000019
43.68000000000015
67.60000000000002
36.38000000000015
0.6
52.08000000000019
43.480000000000146
67.40000000000002
36.78000000000015
0.59
51.90000000000019
43.86000000000015
67.22000000000001
37.16000000000015
0.67
52.00000000000019
43.96000000000015
67.58000000000001
37.000000000000156
0.61
51.86000000000019
44.30000000000015
67.92000000000002
37.34000000000016
0.59
52.18000000000019
44.400000000000155
67.80000000000001
37.66000000000016
0.63
52.28000000000019
44.500000000000156
67.70000000000002
37.76000000000016
0.62
52.380000000000194
44.60000000000016
67.80000000000001
37.68000000000016
0.62
52.480000000000196
44.70000000000016
68.06000000000002
37.780000000000165
0.6
52.5800000000002
44.94000000000016
68.02000000000001
38.02000000000017
0.63
52.560000000000194
45.16000000000016
68.12
38.240000000000165
0.64
52.660000000000196
45.26000000000016
68.32000000000001
38.44000000000017
0.58
52.6800000000002
45.36000000000016
68.50000000000001
38.46000000000017
0.59
52.7800000000002
45.40000000000016
68.60000000000001
38.56000000000017
0.61
52.8800000000002
45.460000000000164
68.7
38.620000000000175
0.61
52.9800000000002
45.54000000000016
68.82000000000001
38.74000000000017
0.62
53.080000000000204
45.640000000000164
68.92
38.840000000000174
0.61
52.2000000000002
44.76000000000016
69.02
38.940000000000175
0.63
52.3000000000002
43.90000000000016
69.11999999999999
38.080000000000176
0.57
51.4600000000002
44.00000000000016
70.16
39.120000000000175
0.63
51.5600000000002
45.02000000000017
70.25999999999999
40.14000000000018
0.61
50.760000000000204
44.22000000000017
69.46
40.24000000000018
0.6
49.9800000000002
45.200000000000166
69.55999999999999
39.46000000000018
0.61
50.940000000000204
46.16000000000017
69.65999999999998
40.42000000000018
0.62
51.040000000000205
47.100000000000165
70.59999999999998
40.52000000000018
0.6
50.320000000000206
47.200000000000166
70.69999999999997
40.62000000000018
0.64
49.6200000000002
46.50000000000016
69.99999999999997
39.92000000000018
0.61
48.940000000000204
46.600000000000165
69.31999999999996
39.24000000000018
0.6
49.040000000000205
47.460000000000164
70.17999999999996
39.34000000000018
0.61
48.400000000000205
47.560000000000166
70.27999999999996
39.44000000000018
0.58
48.500000000000206
47.66000000000017
70.37999999999995
38.820000000000185
0.62
49.3000000000002
48.460000000000164
69.77999999999996
38.220000000000184
0.6
50.080000000000204
48.560000000000166
70.55999999999996
39.000000000000185
0.6
50.8400000000002
48.00000000000016
70.65999999999995
38.44000000000018
0.58
50.3000000000002
47.460000000000164
70.75999999999995
38.540000000000184
0.6
51.0200000000002
46.94000000000016
70.23999999999995
39.26000000000018
0.58
50.5200000000002
47.04000000000016
70.93999999999996
39.360000000000184
0.62
50.040000000000205
46.560000000000166
71.61999999999996
39.460000000000186
0.61
50.14000000000021
47.22000000000016
71.71999999999996
39.56000000000019
0.66
49.70000000000021
47.320000000000164
71.27999999999996
39.66000000000019
0.56
49.28000000000021
47.420000000000165
71.37999999999995
40.280000000000186
0.61
48.88000000000021
47.02000000000017
71.97999999999995
40.38000000000019
0.61
48.500000000000206
47.12000000000017
72.55999999999995
40.000000000000185
0.59
49.06000000000021
47.68000000000017
72.19999999999995
40.56000000000019
0.61
48.720000000000205
47.34000000000017
71.85999999999994
40.220000000000184
0.57
49.24000000000021
47.86000000000017
71.95999999999994
39.90000000000018
0.61
49.34000000000021
47.96000000000017
71.65999999999994
40.000000000000185
0.58
49.44000000000021
48.44000000000017
71.75999999999993
39.720000000000184
0.67
49.18000000000021
48.54000000000017
72.21999999999993
39.460000000000186
0.63
48.94000000000021
48.30000000000017
72.31999999999992
39.90000000000018
0.62
49.04000000000021
48.40000000000017
72.41999999999992
40.000000000000185
0.57
48.84000000000021
48.80000000000017
72.21999999999991
40.100000000000186
0.59
49.22000000000021
48.90000000000017
72.59999999999991
40.20000000000019
0.65
49.32000000000021
49.00000000000017
72.95999999999991
40.04000000000019
0.65
49.18000000000021
49.340000000000174
73.0599999999999
40.14000000000019
0.58
49.280000000000214
49.22000000000018
73.3799999999999
40.240000000000194
0.57
49.58000000000021
49.520000000000174
73.47999999999989
40.54000000000019
0.62
49.68000000000021
49.620000000000175
73.57999999999988
40.64000000000019
0.64
49.94000000000021
49.88000000000017
73.83999999999989
40.90000000000019
0.56
50.18000000000021
49.980000000000175
73.79999999999988
41.14000000000019
0.6
50.280000000000214
49.96000000000017
73.89999999999988
41.12000000000019
0.57
50.280000000000214
50.160000000000174
73.89999999999988
41.12000000000019
0.59
50.380000000000216
50.260000000000176
74.07999999999988
41.14000000000019
0.59
50.420000000000215
50.300000000000175
74.23999999999988
41.240000000000194
0.58
50.520000000000216
50.400000000000176
74.29999999999988
41.380000000000194
0.59
50.600000000000215
50.480000000000175
74.39999999999988
41.46000000000019
0.57
50.700000000000216
50.580000000000176
74.49999999999987
41.560000000000194
0.6
50.80000000000022
49.70000000000017
75.57999999999987
40.68000000000019
0.6
50.90000000000022
48.840000000000174
74.71999999999987
39.82000000000019
0.61
50.060000000000215
48.940000000000175
75.75999999999988
40.86000000000019
0.6
49.240000000000215
49.04000000000018
75.85999999999987
40.04000000000019
0.6
48.44000000000022
48.24000000000018
75.95999999999987
41.04000000000019
0.62
48.54000000000022
49.22000000000018
75.17999999999986
40.26000000000019
0.6
47.78000000000022
49.32000000000018
74.41999999999986
40.36000000000019
0.61
47.88000000000022
49.42000000000018
74.51999999999985
39.62000000000019
0.55
48.800000000000225
48.70000000000018
74.61999999999985
39.72000000000019
0.57
49.70000000000022
48.80000000000018
74.71999999999984
39.82000000000019
0.58
49.800000000000225
48.90000000000018
75.59999999999984
39.92000000000019
0.62
49.14000000000023
48.24000000000019
75.69999999999983
39.2600000000002
0.59
48.50000000000023
49.08000000000019
76.53999999999984
38.620000000000196
0.62
48.60000000000023
48.46000000000019
77.35999999999983
38.7200000000002
0.62
49.400000000000226
47.86000000000019
76.75999999999983
38.120000000000196
0.57
49.50000000000023
47.96000000000019
76.85999999999983
38.2200000000002
0.61
50.260000000000225
47.40000000000019
77.61999999999983
38.980000000000196
0.61
49.720000000000226
46.86000000000019
77.71999999999983
38.4400000000002
0.63
50.440000000000225
46.96000000000019
78.43999999999983
39.160000000000196
0.6
50.54000000000023
47.060000000000194
78.53999999999982
38.660000000000196
0.68
50.64000000000023
47.160000000000196
78.63999999999982
38.1800000000002
0.64
50.18000000000023
47.2600000000002
78.73999999999981
37.7200000000002
0.61
50.82000000000023
47.9000000000002
78.8399999999998
37.2800000000002
0.62
50.92000000000023
48.0000000000002
79.45999999999981
37.3800000000002
0.62
51.52000000000023
47.6000000000002
80.0599999999998
37.4800000000002
0.6
51.14000000000023
48.1800000000002
79.67999999999981
37.580000000000204
0.6
51.70000000000023
48.7400000000002
79.7799999999998
37.220000000000205
0.65
51.80000000000023
48.4000000000002
80.31999999999981
37.320000000000206
0.62
52.320000000000235
48.0800000000002
80.4199999999998
37.000000000000206
0.62
52.420000000000236
48.5800000000002
80.5199999999998
36.70000000000021
0.62
52.52000000000024
48.300000000000196
80.2399999999998
36.80000000000021
0.63
52.62000000000024
48.7600000000002
80.33999999999979
37.26000000000021
0.63
52.72000000000024
48.520000000000195
80.43999999999978
37.36000000000021
0.64
53.14000000000024
48.9400000000002
80.53999999999978
37.780000000000214
0.63
52.94000000000024
48.740000000000194
80.63999999999977
37.58000000000021
0.69
53.04000000000024
48.840000000000195
81.01999999999977
37.960000000000214
0.6
53.40000000000024
48.9400000000002
80.85999999999977
37.80000000000022
0.61
53.740000000000244
49.2800000000002
80.95999999999977
37.66000000000022
0.66
54.060000000000244
49.3800000000002
81.05999999999976
37.76000000000022
0.63
53.96000000000024
49.6800000000002
81.35999999999976
37.66000000000022
0.62
53.880000000000244
49.7800000000002
81.45999999999975
37.76000000000022
0.6
53.82000000000024
49.7200000000002
81.71999999999976
37.86000000000022
0.61
54.060000000000244
49.6800000000002
81.81999999999975
38.10000000000022
0.61
54.160000000000245
49.7800000000002
81.79999999999976
38.20000000000022
0.66
54.36000000000025
49.7800000000002
81.89999999999975
38.300000000000225
0.62
54.46000000000025
49.8000000000002
81.99999999999974
38.32000000000023
0.62
54.50000000000025
49.900000000000205
82.09999999999974
38.36000000000023
0.61
54.56000000000025
50.000000000000206
82.19999999999973
38.46000000000023
0.63
54.68000000000025
50.1200000000002
82.31999999999974
38.580000000000226
0.62
54.78000000000025
50.220000000000205
82.41999999999973
38.68000000000023
0.61
54.88000000000025
50.320000000000206
83.49999999999973
38.78000000000023
0.63
54.02000000000025
50.42000000000021
83.59999999999972
39.84000000000023
0.6
55.06000000000025
51.46000000000021
84.63999999999973
39.94000000000023
0.61
55.16000000000025
51.56000000000021
84.73999999999972
40.960000000000235
0.62
54.360000000000255
50.76000000000021
85.73999999999972
41.960000000000235
0.6
53.580000000000254
49.98000000000021
84.95999999999972
42.06000000000024
0.58
54.540000000000255
50.08000000000021
84.19999999999972
42.16000000000024
0.59
55.48000000000025
50.18000000000021
83.45999999999972
43.100000000000236
0.63
56.400000000000254
50.280000000000214
82.73999999999972
43.20000000000024
0.61
57.30000000000025
51.18000000000021
82.83999999999972
44.100000000000236
0.64
57.400000000000254
51.280000000000214
82.15999999999971
43.420000000000236
0.59
56.74000000000026
52.140000000000214
81.49999999999972
43.52000000000024
0.57
57.58000000000026
51.50000000000021
82.33999999999972
44.36000000000024
0.64
56.960000000000264
50.880000000000216
81.71999999999971
43.740000000000244
0.59
56.36000000000026
50.98000000000022
81.11999999999972
44.54000000000024
0.62
56.460000000000264
51.08000000000022
81.21999999999971
45.32000000000024
0.6
56.560000000000265
51.84000000000022
80.65999999999971
46.08000000000024
0.62
56.020000000000266
52.58000000000022
81.39999999999971
45.54000000000024
0.6
56.12000000000027
53.30000000000022
81.4999999999997
45.64000000000024
0.61
56.82000000000027
52.80000000000022
81.5999999999997
46.340000000000245
0.59
56.92000000000027
52.90000000000022
81.11999999999969
46.440000000000246
0.61
57.02000000000027
53.00000000000022
81.21999999999969
45.980000000000246
0.62
56.580000000000275
53.10000000000022
81.85999999999969
46.08000000000025
0.59
56.68000000000028
53.72000000000022
82.47999999999969
46.700000000000244
0.59
56.28000000000028
53.82000000000022
83.07999999999969
47.300000000000246
0.6
56.38000000000028
53.92000000000022
83.17999999999968
46.92000000000024
0.59
56.48000000000028
54.480000000000224
83.27999999999967
46.560000000000244
0.59
57.02000000000028
55.02000000000022
83.37999999999967
46.660000000000245
0.59
57.12000000000028
55.54000000000023
83.47999999999966
46.340000000000245
0.62
57.62000000000028
56.04000000000023
83.57999999999966
46.04000000000025
0.59
57.34000000000028
56.52000000000022
83.29999999999966
45.76000000000025
0.58
57.80000000000028
56.980000000000224
83.39999999999965
45.50000000000025
0.65
57.56000000000028
57.080000000000226
83.83999999999965
45.26000000000025
0.58
57.66000000000028
56.86000000000023
83.93999999999964
45.04000000000025
0.58
58.06000000000028
56.660000000000224
84.03999999999964
45.14000000000025
0.59
57.88000000000028
57.04000000000023
84.13999999999963
45.24000000000025
0.56
57.98000000000028
57.14000000000023
83.97999999999963
45.60000000000025
0.64
58.320000000000285
57.48000000000023
84.31999999999964
45.94000000000025
0.6
58.420000000000286
57.58000000000023
84.63999999999963
46.040000000000255
0.59
58.320000000000285
57.48000000000023
84.73999999999963
45.94000000000025
0.61
58.240000000000286
57.76000000000023
84.83999999999962
46.220000000000255
0.59
58.500000000000284
57.860000000000234
84.93999999999961
46.48000000000025
0.6
58.740000000000286
57.960000000000235
85.03999999999961
46.44000000000025
0.57
58.72000000000028
57.94000000000023
85.01999999999961
46.540000000000255
0.58
58.920000000000286
57.94000000000023
85.01999999999961
46.540000000000255
0.58
59.100000000000286
58.12000000000023
85.03999999999961
46.56000000000026
0.6
59.26000000000028
58.28000000000023
85.1999999999996
46.60000000000026
0.59
59.360000000000284
58.38000000000023
85.25999999999961
46.70000000000026
0.59
59.460000000000285
58.48000000000023
85.3599999999996
46.80000000000026
0.64
59.56000000000029
58.58000000000023
85.4599999999996
46.90000000000026
0.58
59.66000000000029
58.680000000000234
84.5799999999996
47.00000000000026
0.6
59.76000000000029
57.820000000000235
84.6799999999996
46.14000000000026
0.63
59.86000000000029
56.98000000000023
85.7199999999996
46.240000000000265
0.64
59.96000000000029
57.08000000000023
84.89999999999961
47.26000000000027
0.64
60.96000000000029
56.280000000000236
85.89999999999961
47.36000000000027
0.57
60.18000000000029
57.26000000000023
86.87999999999961
47.46000000000027
0.62
60.28000000000029
58.22000000000023
87.8399999999996
46.70000000000027
0.63
60.380000000000294
59.16000000000023
87.09999999999961
45.96000000000027
0.61
60.480000000000295
58.44000000000023
87.1999999999996
46.06000000000027
0.59
61.380000000000294
57.74000000000023
86.4999999999996
46.96000000000027
0.59
61.480000000000295
57.84000000000023
86.5999999999996
47.06000000000027
0.62
60.8200000000003
57.180000000000234
87.4599999999996
47.92000000000027
0.62
60.9200000000003
56.540000000000234
87.55999999999959
48.02000000000027
0.65
61.0200000000003
55.920000000000236
87.65999999999958
48.120000000000275
0.61
60.4200000000003
55.320000000000235
88.45999999999958
47.52000000000027
0.59
60.5200000000003
54.74000000000024
88.55999999999958
48.300000000000274
0.61
60.6200000000003
55.500000000000234
88.65999999999957
47.74000000000027
0.67
60.080000000000304
54.960000000000235
88.75999999999956
47.20000000000027
0.6
59.5600000000003
54.44000000000023
88.23999999999957
47.92000000000027
0.63
60.2600000000003
54.540000000000234
87.73999999999957
48.02000000000027
0.61
60.9400000000003
54.06000000000024
88.41999999999958
48.120000000000275
0.62
61.040000000000305
54.16000000000024
87.95999999999958
48.220000000000276
0.64
61.140000000000306
54.26000000000024
87.51999999999958
47.78000000000028
0.61
60.720000000000304
53.84000000000024
88.13999999999959
48.400000000000276
0.6
60.820000000000306
54.44000000000024
87.73999999999958
48.00000000000028
0.62
60.4400000000003
55.02000000000024
88.31999999999958
47.620000000000275
0.59
60.080000000000304
55.12000000000024
87.95999999999958
48.18000000000028
0.62
59.7400000000003
54.780000000000236
88.05999999999958
48.28000000000028
0.59
59.4200000000003
55.30000000000024
87.73999999999958
48.80000000000028
0.61
59.5200000000003
55.00000000000024
88.23999999999958
48.500000000000284
0.61
59.2400000000003
55.48000000000024
88.33999999999958
48.98000000000028
0.61
59.3400000000003
55.94000000000024
88.79999999999957
49.44000000000028
0.61
59.4400000000003
55.70000000000024
88.89999999999957
49.54000000000028
0.61
59.860000000000305
55.80000000000024
88.67999999999957
49.640000000000285
0.58
60.2600000000003
55.600000000000236
88.77999999999956
50.04000000000028
0.62
60.360000000000305
55.70000000000024
88.87999999999955
50.420000000000286
0.62
60.20000000000031
55.54000000000024
89.23999999999955
50.780000000000285
0.6
60.54000000000031
55.880000000000244
89.57999999999956
50.88000000000029
0.64
60.64000000000031
55.76000000000025
89.45999999999955
50.98000000000029
0.57
60.740000000000315
55.660000000000245
89.55999999999955
50.88000000000029
0.63
60.840000000000316
55.76000000000025
89.47999999999955
51.16000000000029
0.61
60.94000000000032
56.020000000000245
89.57999999999954
51.100000000000286
0.62
60.90000000000032
56.26000000000025
89.53999999999954
51.34000000000029
0.59
61.12000000000032
56.240000000000244
89.75999999999954
51.320000000000285
0.64
61.22000000000032
56.340000000000245
89.85999999999953
51.52000000000029
0.59
61.24000000000032
56.36000000000025
90.03999999999954
51.54000000000029
0.59
61.40000000000032
56.520000000000245
90.07999999999954
51.64000000000029
0.63
61.54000000000032
56.660000000000245
90.21999999999954
51.700000000000294
0.65
61.660000000000316
56.740000000000244
90.31999999999954
51.78000000000029
0.63
61.76000000000032
56.840000000000245
90.41999999999953
51.880000000000294
0.63
61.86000000000032
55.96000000000024
89.53999999999954
51.00000000000029
0.61
61.00000000000032
55.10000000000024
90.59999999999954
50.14000000000029
0.6
61.10000000000032
55.200000000000244
89.75999999999954
49.30000000000029
0.66
62.120000000000324
55.300000000000246
89.85999999999953
49.40000000000029
0.61
63.120000000000324
54.50000000000025
89.05999999999953
49.50000000000029
0.64
63.220000000000326
54.60000000000025
88.27999999999953
50.48000000000029
0.61
64.18000000000032
55.56000000000025
89.23999999999953
50.58000000000029
0.58
65.12000000000032
55.66000000000025
90.17999999999952
50.68000000000029
0.63
65.22000000000031
56.580000000000254
91.09999999999953
51.60000000000029
0.61
65.3200000000003
57.48000000000025
91.19999999999952
51.700000000000294
0.62
64.6400000000003
58.360000000000255
90.51999999999951
51.800000000000296
0.59
63.9800000000003
57.70000000000026
90.61999999999951
52.660000000000295
0.63
64.0800000000003
57.06000000000026
90.7199999999995
52.760000000000296
0.61
64.18000000000029
57.16000000000026
90.8199999999995
53.5800000000003
0.65
64.28000000000029
57.96000000000026
90.2199999999995
54.380000000000294
0.61
65.06000000000029
58.06000000000026
89.6399999999995
53.800000000000296
0.6
64.50000000000028
58.820000000000256
90.39999999999951
53.9000000000003
0.59
64.60000000000028
58.92000000000026
90.4999999999995
53.3600000000003
0.62
65.32000000000028
59.640000000000256
89.9799999999995
52.840000000000295
0.6
64.82000000000028
59.74000000000026
90.0799999999995
53.5400000000003
0.6
64.34000000000027
59.84000000000026
90.1799999999995
53.6400000000003
0.59
64.44000000000027
59.94000000000026
90.83999999999949
53.1800000000003
0.6
64.00000000000027
59.50000000000026
91.47999999999949
52.7400000000003
0.69
63.58000000000027
59.08000000000026
92.0999999999995
52.3200000000003
0.63
64.18000000000026
58.68000000000026
91.69999999999949
52.9200000000003
0.59
64.28000000000026
58.30000000000026
92.27999999999949
53.5000000000003
0.62
64.38000000000025
58.40000000000026
91.91999999999949
53.1400000000003
0.61
64.48000000000025
58.50000000000026
91.57999999999949
53.2400000000003
0.6
64.16000000000025
58.18000000000026
92.09999999999948
53.3400000000003
0.59
64.66000000000025
58.280000000000264
91.79999999999949
53.4400000000003
0.63
65.14000000000026
58.76000000000026
91.89999999999948
53.540000000000305
0.59
65.60000000000025
58.86000000000026
91.63999999999947
53.640000000000306
0.61
65.36000000000026
59.30000000000026
92.07999999999947
53.400000000000304
0.62
65.46000000000025
59.72000000000026
91.85999999999947
53.180000000000305
0.61
65.26000000000025
59.52000000000026
91.95999999999947
52.9800000000003
0.59
65.08000000000024
59.90000000000026
91.77999999999946
53.360000000000305
0.6
65.44000000000024
60.00000000000026
91.87999999999946
53.460000000000306
0.6
65.78000000000024
59.86000000000026
91.73999999999945
53.56000000000031
0.63
65.88000000000024
59.960000000000264
91.61999999999945
53.88000000000031
0.61
65.98000000000023
60.060000000000265
91.51999999999946
53.98000000000031
0.6
66.08000000000023
59.98000000000027
91.79999999999946
53.90000000000031
0.59
66.18000000000022
59.920000000000265
91.73999999999945
54.00000000000031
0.61
66.14000000000021
60.020000000000266
91.97999999999945
53.96000000000031
0.63
66.36000000000021
60.00000000000026
92.07999999999944
54.18000000000031
0.65
66.4600000000002
60.00000000000026
92.27999999999945
54.18000000000031
0.63
66.4800000000002
60.100000000000264
92.29999999999944
54.36000000000031
0.6
66.6400000000002
60.200000000000266
92.33999999999945
54.46000000000031
0.57
66.7400000000002
60.26000000000027
92.39999999999945
54.560000000000315
0.6
66.82000000000019
60.340000000000266
92.47999999999945
54.68000000000031
0.6
66.92000000000019
60.44000000000027
92.57999999999944
54.780000000000314
0.59
66.04000000000019
60.54000000000027
92.67999999999944
53.90000000000031
0.62
67.1000000000002
59.68000000000027
91.81999999999944
54.96000000000031
0.59
68.1400000000002
60.72000000000027
92.85999999999945
55.060000000000315
0.65
68.2400000000002
59.90000000000027
92.95999999999944
54.240000000000315
0.61
67.4400000000002
60.00000000000027
92.15999999999944
53.44000000000032
0.62
66.6600000000002
60.10000000000027
93.13999999999945
52.660000000000316
0.6
67.62000000000019
59.34000000000027
94.09999999999944
53.62000000000032
0.58
66.8800000000002
58.60000000000027
95.03999999999944
53.72000000000032
0.56
66.98000000000019
58.70000000000027
95.95999999999944
53.82000000000032
0.63
67.08000000000018
58.00000000000027
96.05999999999943
53.92000000000032
0.58
67.18000000000018
58.10000000000027
96.93999999999943
53.24000000000032
0.64
68.04000000000018
58.96000000000027
96.27999999999943
53.34000000000032
0.6
68.88000000000018
59.06000000000027
97.11999999999944
52.70000000000032
0.62
69.70000000000017
59.88000000000027
96.49999999999943
53.52000000000032
0.65
69.80000000000017
59.28000000000027
96.59999999999943
54.32000000000032
0.59
70.58000000000017
60.06000000000027
96.69999999999942
55.10000000000032
0.62
70.02000000000017
60.82000000000027
96.79999999999941
54.54000000000032
0.6
70.12000000000016
60.28000000000027
96.25999999999941
55.28000000000032
0.62
70.84000000000016
60.38000000000027
96.3599999999994
55.38000000000032
0.59
70.34000000000016
61.080000000000275
96.4599999999994
54.88000000000032
0.62
69.86000000000016
61.760000000000275
96.55999999999939
55.56000000000032
0.63
70.52000000000015
62.42000000000027
96.0999999999994
55.66000000000032
0.59
70.08000000000015
63.06000000000027
95.6599999999994
56.300000000000324
0.63
70.18000000000015
62.64000000000027
96.2799999999994
55.88000000000032
0.6
69.78000000000014
63.24000000000027
95.8799999999994
56.480000000000324
0.61
69.40000000000015
62.86000000000027
96.4599999999994
57.06000000000032
0.6
69.50000000000014
62.96000000000027
97.0199999999994
56.70000000000032
0.6
69.60000000000014
63.50000000000027
97.5599999999994
57.24000000000032
0.61
70.12000000000013
64.02000000000027
98.0799999999994
57.34000000000032
0.58
70.22000000000013
63.72000000000027
97.7799999999994
57.84000000000032
0.6
69.94000000000013
64.20000000000027
97.8799999999994
58.32000000000032
0.57
69.68000000000012
63.940000000000275
97.9799999999994
58.42000000000032
0.66
70.12000000000012
63.70000000000027
98.07999999999939
58.52000000000032
0.61
70.22000000000011
64.12000000000027
97.85999999999939
58.940000000000325
0.58
70.62000000000012
64.22000000000027
97.95999999999938
59.34000000000032
0.58
70.72000000000011
64.60000000000026
98.05999999999938
59.720000000000326
0.57
71.08000000000011
64.44000000000027
98.41999999999938
60.080000000000325
0.6
71.1800000000001
64.30000000000027
98.75999999999938
59.940000000000325
0.6
71.0600000000001
64.40000000000026
98.63999999999938
60.260000000000325
0.61
70.96000000000011
64.30000000000027
98.93999999999937
60.16000000000032
0.6
70.88000000000011
64.40000000000026
99.21999999999937
60.440000000000325
0.58
71.14000000000011
64.50000000000026
99.47999999999938
60.70000000000032
0.6
71.24000000000011
64.74000000000025
99.43999999999937
60.940000000000325
0.61
71.22000000000011
64.72000000000025
99.65999999999937
61.040000000000326
0.6
71.42000000000012
64.72000000000025
99.85999999999937
61.040000000000326
0.62
71.44000000000011
64.90000000000026
99.87999999999937
61.220000000000326
0.61
71.48000000000012
65.06000000000026
99.91999999999938
61.32000000000033
0.57
71.62000000000012
65.16000000000025
99.97999999999938
61.46000000000033
0.61
71.72000000000011
65.26000000000025
100.09999999999938
61.580000000000325
0.61
71.8200000000001
65.36000000000024
100.19999999999938
61.68000000000033
0.6
72.9000000000001
65.46000000000024
99.31999999999938
60.800000000000324
0.6
73.0000000000001
66.52000000000024
98.45999999999938
60.900000000000325
0.6
73.1000000000001
65.68000000000023
97.61999999999938
61.940000000000325
0.65
74.12000000000009
66.70000000000023
98.63999999999938
62.040000000000326
0.63
74.22000000000008
66.80000000000022
98.73999999999937
63.040000000000326
0.63
75.20000000000009
66.02000000000022
98.83999999999936
63.14000000000033
0.59
76.16000000000008
66.12000000000022
98.07999999999936
62.38000000000033
0.6
77.10000000000008
66.22000000000021
97.33999999999936
62.48000000000033
0.59
76.38000000000008
65.50000000000021
96.61999999999937
61.76000000000033
0.58
76.48000000000008
66.40000000000022
96.71999999999936
62.66000000000033
0.59
76.58000000000007
65.72000000000021
96.81999999999935
61.98000000000033
0.6
75.92000000000007
66.58000000000021
96.91999999999935
61.320000000000334
0.63
75.28000000000007
66.6800000000002
97.75999999999935
60.680000000000334
0.59
74.66000000000007
66.7800000000002
97.13999999999935
60.060000000000336
0.62
75.46000000000006
66.1800000000002
97.93999999999934
60.86000000000033
0.6
74.88000000000007
66.2800000000002
98.71999999999935
60.280000000000335
0.64
74.32000000000006
67.0400000000002
98.15999999999934
60.38000000000034
0.64
73.78000000000006
67.7800000000002
98.89999999999934
60.48000000000034
0.59
73.88000000000005
68.5000000000002
99.61999999999934
59.960000000000335
0.61
74.58000000000006
68.6000000000002
100.31999999999934
59.460000000000335
0.59
74.10000000000005
69.2800000000002
100.41999999999933
59.560000000000336
0.64
74.20000000000005
68.8200000000002
100.51999999999933
59.100000000000335
0.63
73.76000000000005
68.9200000000002
100.07999999999933
58.66000000000034
0.58
73.34000000000005
69.5400000000002
99.65999999999933
58.240000000000336
0.62
73.44000000000004
69.6400000000002
100.25999999999932
58.84000000000034
0.61
73.06000000000004
69.7400000000002
99.87999999999933
59.420000000000336
0.61
72.70000000000005
70.3000000000002
100.43999999999933
59.060000000000336
0.6
72.36000000000004
69.96000000000019
100.09999999999933
59.600000000000335
0.58
72.46000000000004
69.6400000000002
99.77999999999933
59.280000000000335
0.59
72.96000000000004
70.1400000000002
99.47999999999934
58.98000000000034
0.6
73.06000000000003
70.6200000000002
99.95999999999934
59.460000000000335
0.62
72.80000000000003
70.3600000000002
100.05999999999933
59.20000000000034
0.6
72.90000000000002
70.46000000000019
100.49999999999933
59.640000000000335
0.57
72.68000000000002
70.8800000000002
100.59999999999933
59.740000000000336
0.61
72.78000000000002
70.98000000000019
100.69999999999932
60.140000000000335
0.6
72.60000000000001
71.36000000000018
101.07999999999932
60.240000000000336
0.59
72.7
71.46000000000018
100.91999999999932
60.34000000000034
0.59
72.56
71.56000000000017
100.77999999999932
60.20000000000034
0.58
72.44
71.44000000000017
100.87999999999931
60.52000000000034
0.65
72.34
71.74000000000017
100.77999999999932
60.420000000000336
0.56
72.26
71.84000000000016
100.69999999999932
60.70000000000034
0.59
72.52000000000001
71.94000000000015
100.63999999999932
60.960000000000335
0.59
72.48
71.90000000000015
100.87999999999931
61.060000000000336
0.59
72.7
71.88000000000015
100.97999999999931
61.280000000000335
0.58
72.8
72.08000000000015
100.97999999999931
61.48000000000034
0.63
72.82
72.10000000000015
100.9999999999993
61.58000000000034
0.61
72.86
72.26000000000015
101.1599999999993
61.68000000000034
0.6
73.0
72.32000000000015
101.2999999999993
61.78000000000034
0.61
73.1
72.40000000000015
101.4199999999993
61.86000000000034
0.61
73.19999999999999
72.50000000000014
101.5199999999993
61.96000000000034
0.58
72.32
72.60000000000014
101.6199999999993
61.08000000000034
0.63
72.41999999999999
71.74000000000014
100.7599999999993
61.18000000000034
0.61
72.51999999999998
71.84000000000013
99.91999999999929
62.22000000000034
0.61
72.61999999999998
71.94000000000013
100.01999999999929
62.32000000000034
0.59
71.81999999999998
72.04000000000012
101.01999999999929
63.32000000000034
0.57
71.91999999999997
71.26000000000012
101.11999999999928
62.54000000000034
0.58
72.87999999999997
71.36000000000011
102.07999999999927
61.78000000000034
0.62
72.97999999999996
70.62000000000012
102.17999999999927
62.72000000000034
0.58
72.25999999999996
70.72000000000011
101.45999999999927
62.00000000000034
0.58
72.35999999999996
70.8200000000001
101.55999999999926
62.90000000000034
0.59
71.67999999999995
70.9200000000001
102.43999999999926
63.00000000000034
0.6
72.53999999999995
70.2600000000001
102.53999999999925
63.10000000000034
0.61
72.63999999999994
71.10000000000011
101.89999999999925
62.46000000000034
0.6
72.01999999999994
71.9200000000001
101.99999999999925
62.56000000000034
0.58
72.11999999999993
71.3200000000001
102.09999999999924
61.96000000000034
0.57
71.53999999999994
71.4200000000001
101.51999999999924
61.380000000000344
0.61
71.63999999999993
70.8600000000001
102.27999999999925
62.14000000000034
0.61
71.73999999999992
70.9600000000001
103.01999999999924
61.60000000000034
0.61
72.45999999999992
70.4400000000001
102.49999999999925
62.32000000000034
0.62
71.95999999999992
69.9400000000001
102.59999999999924
62.42000000000034
0.6
72.63999999999993
69.4600000000001
102.11999999999924
61.940000000000346
0.61
72.17999999999994
69.0000000000001
102.77999999999923
61.480000000000345
0.6
72.81999999999994
69.1000000000001
102.87999999999923
61.58000000000035
0.62
72.39999999999993
68.68000000000009
103.49999999999923
61.68000000000035
0.63
72.49999999999993
69.28000000000009
103.59999999999923
61.78000000000035
0.63
73.07999999999993
68.90000000000009
104.17999999999923
61.40000000000035
0.64
72.71999999999993
69.00000000000009
103.81999999999923
61.04000000000035
0.64
72.37999999999992
69.10000000000008
103.91999999999922
60.700000000000344
0.61
72.47999999999992
68.78000000000009
104.43999999999922
60.380000000000344
0.6
72.17999999999992
69.28000000000009
104.53999999999921
60.480000000000345
0.58
71.89999999999992
69.38000000000008
104.6399999999992
60.200000000000344
0.61
71.63999999999992
69.48000000000008
105.0999999999992
59.940000000000346
0.65
71.73999999999991
69.58000000000007
105.5399999999992
59.700000000000344
0.7
71.8399999999999
69.36000000000007
105.9599999999992
59.800000000000345
0.6
71.6399999999999
69.46000000000006
106.05999999999919
60.200000000000344
0.6
72.0199999999999
69.56000000000006
105.87999999999919
60.020000000000344
0.62
72.3799999999999
69.92000000000006
105.97999999999918
59.86000000000035
0.61
72.2399999999999
69.78000000000006
106.07999999999917
59.96000000000035
0.59
72.33999999999989
69.88000000000005
106.17999999999917
60.28000000000035
0.63
72.43999999999988
70.18000000000005
106.27999999999916
60.58000000000035
0.59
72.35999999999989
70.10000000000005
106.55999999999916
60.86000000000035
0.59
72.45999999999988
70.04000000000005
106.81999999999917
60.800000000000345
0.62
72.69999999999987
70.14000000000004
106.91999999999916
60.760000000000346
0.61
72.79999999999987
70.36000000000004
107.13999999999916
60.980000000000345
0.62
72.89999999999986
70.46000000000004
107.23999999999916
61.18000000000035
0.64
73.07999999999987
70.48000000000003
107.25999999999915
61.20000000000035
0.6
73.17999999999986
70.52000000000004
107.29999999999916
61.30000000000035
0.58
73.23999999999987
70.62000000000003
107.35999999999916
61.400000000000354
0.63
73.35999999999987
70.72000000000003
107.45999999999916
61.52000000000035
0.63
73.45999999999987
70.82000000000002
107.55999999999915
61.62000000000035
0.65
72.57999999999987
70.92000000000002
108.63999999999915
61.720000000000354
0.61
71.71999999999987
70.06000000000002
108.73999999999914
61.820000000000356
0.58
71.81999999999987
69.22000000000001
108.83999999999914
61.92000000000036
0.62
70.99999999999987
70.24000000000001
109.85999999999913
61.10000000000036
0.59
71.09999999999987
69.44000000000001
109.95999999999913
62.10000000000036
0.63
71.19999999999986
68.66000000000001
110.93999999999913
62.20000000000036
0.63
70.43999999999986
69.62
111.03999999999913
61.44000000000036
0.62
69.69999999999986
69.72
111.13999999999912
60.70000000000036
0.59
68.97999999999986
69.82
111.23999999999911
61.62000000000036
0.59
69.07999999999986
69.11999999999999
111.33999999999911
61.72000000000036
0.58
69.17999999999985
69.99999999999999
111.4399999999991
61.04000000000036
0.57
70.03999999999985
69.33999999999999
110.7799999999991
61.14000000000036
0.59
69.39999999999985
68.69999999999999
111.61999999999911
61.240000000000364
0.58
69.49999999999984
69.51999999999998
112.4399999999991
62.060000000000365
0.59
69.59999999999984
68.91999999999999
111.83999999999911
62.86000000000036
0.64
69.69999999999983
69.69999999999999
111.25999999999911
62.28000000000036
0.59
70.45999999999984
69.13999999999999
112.01999999999911
61.72000000000036
0.57
70.55999999999983
68.59999999999998
111.47999999999911
61.82000000000036
0.6
70.65999999999983
69.31999999999998
110.95999999999911
61.30000000000036
0.61
70.75999999999982
70.01999999999998
110.45999999999911
60.80000000000036
0.57
71.43999999999983
70.69999999999999
110.5599999999991
61.48000000000036
0.61
72.09999999999982
70.79999999999998
110.09999999999911
61.58000000000036
0.57
71.65999999999983
70.89999999999998
110.19999999999911
62.22000000000036
0.58
71.23999999999982
71.51999999999998
110.2999999999991
62.84000000000036
0.6
71.33999999999982
71.11999999999998
110.3999999999991
62.94000000000036
0.58
71.91999999999982
71.21999999999997
110.9799999999991
63.04000000000036
0.59
72.01999999999981
71.77999999999997
111.07999999999909
63.14000000000036
0.6
72.55999999999982
71.87999999999997
111.6199999999991
63.68000000000036
0.59
72.23999999999982
71.55999999999997
111.71999999999909
63.36000000000036
0.58
72.73999999999982
71.25999999999998
111.81999999999908
63.46000000000036
0.59
73.21999999999983
71.73999999999998
112.29999999999909
63.560000000000365
0.59
72.95999999999982
71.47999999999998
112.75999999999908
64.02000000000037
0.63
73.39999999999982
71.23999999999998
113.19999999999908
63.78000000000036
0.64
73.17999999999982
71.65999999999998
112.97999999999908
64.20000000000036
0.6
72.97999999999982
71.45999999999998
113.07999999999907
64.00000000000036
0.58
73.35999999999981
71.83999999999997
112.89999999999907
64.10000000000035
0.61
73.19999999999982
71.93999999999997
112.99999999999906
63.94000000000035
0.61
73.53999999999982
72.27999999999997
113.33999999999907
64.04000000000035
0.59
73.85999999999981
72.15999999999997
113.21999999999906
64.36000000000034
0.59
73.95999999999981
72.05999999999997
113.31999999999906
64.26000000000035
0.66
74.23999999999981
72.15999999999997
113.59999999999906
64.54000000000035
0.58
74.17999999999981
72.41999999999997
113.69999999999905
64.80000000000035
0.58
74.1399999999998
72.37999999999997
113.79999999999905
65.04000000000035
0.57
74.1199999999998
72.35999999999997
113.77999999999905
65.02000000000035
0.63
74.1199999999998
72.55999999999997
113.87999999999904
65.02000000000035
0.58
74.2199999999998
72.57999999999997
113.89999999999904
65.04000000000035
0.58
74.3199999999998
72.61999999999998
113.99999999999903
65.14000000000034
0.6
74.3799999999998
72.67999999999998
114.13999999999903
65.20000000000034
0.6
74.4999999999998
72.77999999999997
114.21999999999903
65.30000000000034
0.59
74.5999999999998
72.87999999999997
114.31999999999903
65.40000000000033
0.61
75.6799999999998
71.99999999999997
114.41999999999902
65.50000000000033
0.61
75.77999999999979
71.13999999999997
115.47999999999902
65.60000000000032
0.63
74.93999999999978
70.29999999999997
116.51999999999903
65.70000000000032
0.62
75.95999999999978
69.47999999999998
115.69999999999904
66.72000000000031
0.58
76.95999999999978
68.67999999999998
116.69999999999904
65.92000000000031
0.63
77.05999999999977
68.77999999999997
116.79999999999903
65.14000000000031
0.62
77.15999999999977
69.73999999999997
116.03999999999903
64.38000000000031
0.65
76.41999999999977
68.99999999999997
116.13999999999902
64.4800000000003
0.61
75.69999999999978
68.27999999999997
115.41999999999902
64.5800000000003
0.59
74.99999999999977
69.17999999999998
114.71999999999902
65.4800000000003
0.57
74.31999999999977
68.49999999999997
114.81999999999901
65.5800000000003
0.61
75.17999999999977
68.59999999999997
114.919999999999
66.4400000000003
0.59
76.01999999999977
69.43999999999997
114.279999999999
67.2800000000003
0.61
76.11999999999976
69.53999999999996
115.099999999999
67.3800000000003
0.6
76.21999999999976
69.63999999999996
114.499999999999
66.7800000000003
0.63
75.63999999999976
70.41999999999996
115.279999999999
66.8800000000003
0.62
75.73999999999975
70.51999999999995
116.03999999999901
67.6400000000003
0.58
76.47999999999975
71.25999999999995
116.779999999999
67.7400000000003
0.64
76.57999999999974
71.97999999999995
116.879999999999
67.84000000000029
0.6
76.07999999999974
72.07999999999994
117.579999999999
68.54000000000029
0.63
76.17999999999974
72.17999999999994
117.679999999999
68.64000000000028
0.64
75.71999999999974
71.71999999999994
118.339999999999
68.74000000000028
0.61
75.27999999999975
71.27999999999994
117.899999999999
69.38000000000028
0.61
75.89999999999975
71.89999999999995
117.99999999999899
68.96000000000028
0.61
75.99999999999974
72.49999999999994
118.09999999999899
69.06000000000027
0.61
76.57999999999974
73.07999999999994
117.71999999999899
68.68000000000028
0.6
76.67999999999974
73.17999999999994
117.81999999999898
68.78000000000027
0.61
76.77999999999973
72.83999999999993
117.47999999999898
68.44000000000027
0.67
76.45999999999974
72.93999999999993
117.15999999999899
68.96000000000026
0.62
76.55999999999973
73.43999999999993
117.25999999999898
68.66000000000027
0.6
77.03999999999974
73.91999999999993
116.97999999999898
68.76000000000026
0.6
76.77999999999973
74.01999999999992
116.71999999999898
68.50000000000026
0.63
76.53999999999974
74.45999999999992
117.15999999999897
68.94000000000025
0.61
76.95999999999974
74.23999999999992
116.93999999999897
68.72000000000025
0.58
77.05999999999973
74.33999999999992
117.03999999999897
68.82000000000025
0.61
77.15999999999973
74.71999999999991
116.85999999999896
68.92000000000024
0.63
77.25999999999972
74.55999999999992
117.21999999999896
69.28000000000024
0.6
77.11999999999972
74.41999999999992
117.31999999999896
69.14000000000024
0.62
76.99999999999972
74.29999999999991
117.63999999999895
69.24000000000024
0.65
77.09999999999971
74.19999999999992
117.53999999999895
69.54000000000023
0.6
77.01999999999971
74.47999999999992
117.63999999999895
69.82000000000023
0.59
77.1199999999997
74.41999999999992
117.89999999999895
69.92000000000023
0.61
77.3599999999997
74.51999999999991
117.85999999999895
69.88000000000022
0.63
77.3399999999997
74.6199999999999
117.83999999999895
69.98000000000022
0.58
77.4399999999997
74.7199999999999
118.03999999999895
69.98000000000022
0.64
77.4599999999997
74.7399999999999
118.21999999999896
70.16000000000022
0.6
77.4999999999997
74.7799999999999
118.31999999999896
70.20000000000023
0.57
77.5599999999997
74.9199999999999
118.45999999999896
70.26000000000023
0.6
77.6599999999997
74.9999999999999
118.55999999999895
70.38000000000024
0.6
77.75999999999969
75.0999999999999
118.65999999999894
70.48000000000023
0.61
78.83999999999969
76.1799999999999
117.77999999999895
71.56000000000023
0.63
79.8999999999997
75.3199999999999
118.83999999999895
70.70000000000023
0.59
79.99999999999969
76.3599999999999
119.87999999999896
71.74000000000024
0.59
79.1799999999997
77.3799999999999
119.97999999999895
71.84000000000023
0.56
79.27999999999969
76.5799999999999
119.17999999999896
72.84000000000023
0.59
78.49999999999969
77.5599999999999
120.15999999999896
72.94000000000023
0.65
78.59999999999968
76.7999999999999
120.25999999999895
73.04000000000022
0.58
77.85999999999969
76.89999999999989
119.51999999999896
73.98000000000022
0.59
78.77999999999969
76.99999999999989
120.43999999999896
74.08000000000021
0.58
78.87999999999968
76.29999999999988
121.33999999999897
74.1800000000002
0.59
79.75999999999968
76.39999999999988
121.43999999999896
73.5000000000002
0.6
79.09999999999968
77.25999999999988
120.77999999999896
73.6000000000002
0.62
78.45999999999968
76.61999999999988
120.13999999999896
73.70000000000019
0.59
77.83999999999968
76.71999999999987
119.51999999999896
73.80000000000018
0.6
77.23999999999968
76.11999999999988
120.31999999999896
73.20000000000019
0.61
77.33999999999968
76.21999999999987
119.73999999999896
73.30000000000018
0.59
78.09999999999968
76.97999999999988
119.83999999999895
74.06000000000019
0.6
78.19999999999968
76.43999999999987
119.93999999999895
73.52000000000018
0.63
78.91999999999967
76.53999999999986
119.41999999999895
73.00000000000018
0.59
79.61999999999968
76.03999999999986
120.11999999999895
73.10000000000018
0.59
80.29999999999968
76.13999999999986
120.79999999999896
72.62000000000018
0.61
80.95999999999968
76.23999999999985
120.89999999999895
72.16000000000018
0.64
81.05999999999968
75.79999999999986
120.99999999999895
72.80000000000018
0.64
81.15999999999967
75.37999999999985
121.09999999999894
73.42000000000019
0.61
80.75999999999966
75.47999999999985
120.69999999999894
73.52000000000018
0.58
80.85999999999966
76.05999999999985
121.27999999999894
73.14000000000019
0.6
80.49999999999966
76.15999999999984
121.83999999999894
73.24000000000018
0.61
80.15999999999966
76.25999999999983
121.49999999999893
73.34000000000017
0.61
79.83999999999966
76.35999999999983
121.59999999999893
73.44000000000017
0.66
80.33999999999966
76.85999999999983
122.09999999999893
73.94000000000017
0.61
80.05999999999966
76.95999999999982
122.57999999999893
73.66000000000017
0.59
80.51999999999965
77.05999999999982
123.03999999999893
73.40000000000016
0.59
80.61999999999965
77.49999999999982
122.79999999999893
73.16000000000017
0.59
80.39999999999965
77.27999999999982
123.21999999999893
73.26000000000016
0.63
80.19999999999965
77.07999999999981
123.61999999999894
73.06000000000016
0.58
80.01999999999964
76.8999999999998
123.71999999999893
73.16000000000015
0.63
80.11999999999964
76.9999999999998
123.81999999999893
73.00000000000016
0.61
80.21999999999963
76.8599999999998
123.67999999999893
73.34000000000016
0.66
80.09999999999962
76.9599999999998
123.77999999999892
73.44000000000015
0.63
80.39999999999962
77.25999999999979
123.67999999999893
73.34000000000016
0.57
80.31999999999962
77.5399999999998
123.59999999999893
73.62000000000016
0.58
80.41999999999962
77.47999999999979
123.53999999999893
73.56000000000016
0.59
80.37999999999961
77.71999999999979
123.77999999999892
73.52000000000015
0.61
80.4799999999996
77.81999999999978
123.99999999999892
73.74000000000015
0.61
80.5799999999996
77.91999999999977
123.99999999999892
73.84000000000015
0.6
80.5999999999996
77.93999999999977
124.17999999999893
73.86000000000014
0.58
80.69999999999959
77.97999999999978
124.33999999999892
73.90000000000015
0.63
80.79999999999959
78.03999999999978
124.47999999999892
74.04000000000015
0.6
80.87999999999958
78.13999999999977
124.59999999999893
74.12000000000015
0.57
80.97999999999958
78.23999999999977
124.69999999999892
74.22000000000014
0.64
80.09999999999958
77.35999999999977
124.79999999999892
75.30000000000014
0.61
80.19999999999958
78.41999999999977
123.93999999999892
75.40000000000013
0.63
81.23999999999958
78.51999999999977
124.03999999999891
74.56000000000013
0.59
82.25999999999958
78.61999999999976
124.1399999999989
75.58000000000013
0.64
81.45999999999958
78.71999999999976
125.1399999999989
75.68000000000012
0.61
82.43999999999959
77.93999999999976
126.11999999999891
74.90000000000012
0.6
82.53999999999958
77.17999999999975
125.3599999999989
75.00000000000011
0.62
83.47999999999958
76.43999999999976
126.2999999999989
75.10000000000011
0.62
82.75999999999958
75.71999999999976
126.3999999999989
76.02000000000011
0.61
83.65999999999958
75.81999999999975
126.49999999999889
75.3200000000001
0.64
83.75999999999958
76.69999999999975
127.37999999999889
76.2000000000001
0.67
84.61999999999958
77.55999999999975
127.47999999999888
75.5400000000001
0.59
85.45999999999958
76.91999999999975
127.57999999999888
76.38000000000011
0.63
84.83999999999958
77.73999999999974
127.67999999999887
75.7600000000001
0.62
84.23999999999958
77.83999999999973
128.47999999999888
75.8600000000001
0.6
84.33999999999958
77.25999999999974
128.57999999999888
75.9600000000001
0.64
83.77999999999957
78.01999999999974
129.33999999999887
76.7200000000001
0.65
83.23999999999957
78.11999999999973
129.43999999999886
76.18000000000009
0.58
83.33999999999956
77.59999999999974
129.53999999999886
75.6600000000001
0.59
83.43999999999956
77.09999999999974
129.63999999999885
75.1600000000001
0.6
83.53999999999955
76.61999999999973
129.15999999999886
75.8400000000001
0.6
83.63999999999955
76.71999999999973
128.69999999999885
75.38000000000011
0.62
84.27999999999955
76.27999999999973
128.25999999999885
74.94000000000011
0.61
84.89999999999955
76.37999999999973
128.87999999999886
75.0400000000001
0.59
84.99999999999955
76.97999999999972
129.47999999999885
75.6400000000001
0.63
84.61999999999955
77.07999999999971
129.09999999999886
75.2600000000001
0.62
84.25999999999955
76.71999999999971
129.65999999999886
75.3600000000001
0.59
84.35999999999954
76.81999999999971
130.19999999999885
75.4600000000001
0.63
84.87999999999954
77.3399999999997
129.87999999999886
75.56000000000009
0.62
84.57999999999954
77.4399999999997
130.37999999999886
75.66000000000008
0.63
84.67999999999954
77.9199999999997
130.85999999999885
76.14000000000009
0.58
84.41999999999953
77.6599999999997
130.59999999999886
76.24000000000008
0.63
84.85999999999953
78.0999999999997
130.35999999999885
76.68000000000008
0.59
85.27999999999953
77.8799999999997
130.13999999999885
77.10000000000008
0.61
85.67999999999954
77.97999999999969
130.23999999999884
76.90000000000008
0.61
86.05999999999953
77.79999999999968
130.33999999999884
77.28000000000007
0.57
86.15999999999953
77.89999999999968
130.17999999999884
77.64000000000007
0.6
86.01999999999953
77.75999999999968
130.03999999999886
77.74000000000007
0.58
85.89999999999952
77.63999999999967
130.35999999999885
77.84000000000006
0.61
86.19999999999952
77.53999999999968
130.65999999999886
78.14000000000006
0.61
86.29999999999951
77.45999999999968
130.93999999999886
78.24000000000005
0.58
86.39999999999951
77.55999999999968
130.87999999999886
78.34000000000005
0.63
86.4999999999995
77.79999999999967
130.97999999999885
78.30000000000004
0.63
86.7199999999995
77.89999999999966
130.95999999999884
78.40000000000003
0.6
86.9199999999995
77.89999999999966
131.15999999999883
78.50000000000003
0.66
86.9399999999995
77.99999999999966
131.25999999999883
78.68000000000004
0.62
86.9799999999995
78.15999999999966
131.35999999999882
78.78000000000003
0.62
87.0799999999995
78.21999999999966
131.45999999999881
78.88000000000002
0.6
87.1799999999995
78.29999999999966
131.53999999999883
78.96000000000002
0.6
87.27999999999949
78.39999999999965
131.63999999999882
79.06000000000002
0.59
87.37999999999948
77.51999999999965
131.73999999999882
78.18000000000002
0.61
87.47999999999948
76.65999999999966
130.8799999999988
78.28000000000002
0.59
86.63999999999947
77.69999999999966
131.9199999999988
78.38000000000001
0.6
86.73999999999947
77.79999999999966
132.9399999999988
79.4
0.6
87.73999999999947
76.99999999999966
133.9399999999988
78.60000000000001
0.58
88.71999999999947
77.09999999999965
134.0399999999988
78.7
0.64
87.95999999999947
77.19999999999965
134.1399999999988
78.8
0.62
88.89999999999947
78.13999999999965
134.2399999999988
78.06
0.65
88.99999999999946
77.41999999999965
135.15999999999877
78.16
0.57
89.89999999999947
77.51999999999964
134.4599999999988
79.06
0.64
89.21999999999946
76.83999999999963
133.77999999999878
79.16
0.63
89.31999999999945
77.69999999999963
134.6399999999988
79.25999999999999
0.62
89.41999999999945
77.05999999999963
135.4799999999988
78.61999999999999
0.61
90.23999999999944
76.43999999999963
134.8599999999988
77.99999999999999
0.63
90.33999999999943
75.83999999999963
135.6599999999988
78.09999999999998
0.57
90.43999999999943
75.25999999999964
135.0799999999988
78.19999999999997
0.59
89.87999999999943
74.69999999999963
135.83999999999878
77.63999999999997
0.61
89.97999999999942
74.79999999999963
135.93999999999878
78.37999999999997
0.61
89.45999999999943
75.51999999999963
136.65999999999877
78.47999999999996
0.63
88.95999999999943
75.61999999999962
137.35999999999876
77.97999999999996
0.63
88.47999999999942
75.71999999999962
138.03999999999877
77.49999999999996
0.61
88.57999999999942
75.81999999999961
138.13999999999876
77.03999999999996
0.59
88.13999999999942
75.37999999999961
138.77999999999875
76.59999999999997
0.61
87.71999999999942
75.4799999999996
139.39999999999876
77.21999999999997
0.6
87.31999999999941
75.5799999999996
139.99999999999875
76.81999999999996
0.6
87.89999999999941
75.1999999999996
139.61999999999875
76.91999999999996
0.63
87.53999999999941
75.75999999999961
139.71999999999875
77.47999999999996
0.58
87.1999999999994
75.8599999999996
139.37999999999874
78.01999999999997
0.59
87.7199999999994
75.9599999999996
139.47999999999874
78.53999999999996
0.57
88.2199999999994
76.4599999999996
139.17999999999873
79.03999999999996
0.62
87.9399999999994
76.55999999999959
139.65999999999872
78.75999999999996
0.58
88.0399999999994
76.65999999999958
139.7599999999987
79.21999999999996
0.62
88.13999999999939
76.75999999999958
139.8599999999987
79.31999999999995
0.67
88.23999999999938
77.17999999999958
139.9599999999987
79.41999999999994
0.67
88.63999999999939
77.57999999999959
140.0599999999987
79.81999999999995
0.6
88.73999999999938
77.95999999999958
140.4399999999987
80.19999999999995
0.6
88.83999999999938
77.79999999999959
140.2799999999987
80.29999999999994
0.57
88.93999999999937
77.65999999999958
140.6199999999987
80.63999999999994
0.64
89.25999999999937
77.75999999999958
140.7199999999987
80.51999999999994
0.59
89.35999999999936
78.05999999999958
141.0199999999987
80.41999999999994
0.58
89.27999999999936
77.97999999999958
141.2999999999987
80.51999999999994
0.59
89.21999999999936
78.23999999999958
141.5599999999987
80.77999999999994
0.62
89.17999999999935
78.33999999999958
141.7999999999987
80.73999999999994
0.58
89.27999999999935
78.43999999999957
141.8999999999987
80.83999999999993
0.6
89.27999999999935
78.63999999999957
142.0999999999987
80.93999999999993
0.58
89.29999999999934
78.73999999999957
142.19999999999868
81.11999999999993
0.57
89.33999999999935
78.77999999999957
142.23999999999867
81.21999999999993
0.59
89.39999999999935
78.83999999999958
142.33999999999867
81.27999999999993
0.64
89.47999999999935
78.91999999999958
142.45999999999867
81.37999999999992
0.58
89.57999999999934
79.01999999999957
142.55999999999867
81.47999999999992
0.61
